       900    0.43011    0.16236     1.2018   0.26835    0.69849
      1000    0.21623    0.10914    0.42871   0.15473    0.32381
      1100    0.29016    0.14336    0.57356   0.20324    0.42981
      1200    0.36991    0.17859    0.77122    0.2508    0.54069
      1300    0.48153    0.23849     1.0228    0.3289    0.69874
      1400    0.64306      0.343      1.312   0.44271    0.92323
      1500    0.90686    0.46115      1.856   0.63759     1.3168
      1600     1.3923    0.68877     2.9648    0.9563      2.033
      1700     2.1304     1.0438     4.6893    1.5184     3.2247
      1800     3.1912     1.5523     6.9961    2.2257     4.8455
      1900     5.0764     2.4588     11.381    3.4551      7.611
      2000     8.0368     3.5977     17.131    5.2265     11.822
