       800     3.0493      1.133      8.966    1.8941     5.1446
       900    0.53222    0.18874      2.168   0.30939    0.92971
      1000    0.28357    0.13786    0.58714   0.19626    0.41233
      1100    0.37403    0.19328    0.80087   0.26355    0.55669
      1200    0.52623    0.25697     1.1066   0.35921    0.74262
      1300    0.63432    0.31969     1.2454   0.45316    0.93264
      1400    0.80649      0.413     1.6704   0.57548     1.1957
      1500     1.2504    0.64983     2.5091   0.87034     1.7894
      1600     1.7734    0.93525     3.5334    1.2375     2.5716
      1700     2.6782     1.3704     5.4142    1.8684     3.9672
      1800     3.9793     1.9213     7.9939    2.7239      5.944
      1900     6.2156     3.1063     12.936    4.3421     9.0167
      2000     9.8794     4.8521      20.28    6.7124     14.145
